// Generated translation scaffold. Do not edit mappings by hand; regenerate from CCC output when needed.
#![allow(
    dead_code,
    non_camel_case_types,
    non_snake_case,
    non_upper_case_globals,
    unused_variables,
    clippy::all
)]

pub type uint = u32;
pub type byte = u8;
pub type uint32 = u32;
pub type uint64 = u64;

pub const HMMSTATE_M: uint = 0;
pub const HMMSTATE_IX: uint = 1;
pub const HMMSTATE_IY: uint = 2;
pub const HMMSTATE_JX: uint = 3;
pub const HMMSTATE_JY: uint = 4;
pub const HMMSTATE_COUNT: uint64 = 5;
pub const DICT_SIZE_33: usize = 20 * 20 * 20;
pub const DICT_SIZE_66: usize = 6 * 6 * 6 * 6 * 6 * 6;

pub const LOG_ZERO: f32 = -2e20_f32;
pub const LOG_ONE: f32 = 0.0_f32;
pub const INVALID_LOG: f32 = f32::MAX;
pub const UNINIT_LOG: f32 = 9e9_f32;
pub const OUT_OF_BAND_LOG: f32 = 8e8_f32;
pub const EXP_UNDERFLOW_THRESHOLD: f32 = -4.6_f32;
pub const LOG_UNDERFLOW_THRESHOLD: f32 = 7.5_f32;
pub const MIN_SPARSE_PROB: f32 = 0.01_f32;
pub const MIN_SPARSE_SCORE: f32 = -4.6051702_f32;
pub const POSTERIOR_CUTOFF: f32 = 0.01_f32;
pub const INVALID_LETTER: uint = uint::MAX;
pub const AX_GAP: uint = 23;
pub const DEFAULT_PERTURB_VAR: f32 = 0.25;
pub const AMINO_ALPHA: &str = "ACDEFGHIKLMNPQRSTVWY";
pub const NT_ALPHA: &str = "ACGT";
pub const HMMTRANS_N: usize = 10;
pub const OPT_LOG: i32 = 0x01;
pub const OPT_EXP: i32 = 0x02;
pub const OPT_ZERO_BASED: i32 = 0x04;
pub const MINUS_INFINITY: f32 = -9e9_f32;
pub const UNINIT: f32 = -8e8_f32;
pub const BIT_MM: byte = 0x00;
pub const BIT_DM: byte = 0x01;
pub const BIT_IM: byte = 0x02;
pub const BIT_xM: byte = 0x03;
pub const BIT_DD: byte = 0x00;
pub const BIT_MD: byte = 0x04;
pub const BIT_xD: byte = 0x04;
pub const BIT_II: byte = 0x00;
pub const BIT_MI: byte = 0x08;
pub const BIT_xI: byte = 0x08;
pub const NULL_NEIGHBOR: uint = uint::MAX;
pub const MISSING_LENGTH: f64 = f64::MAX;
pub const HEATMAP_COLORS_HTML: [&str; 10] = [
    "ff6464", "ff7878", "ff9696", "ffbebe", "ffe6e6", "ffffff", "e8f6f9", "d1f2f9", "a4f3fc",
    "98e8f9",
];
pub const FLAG_OPT_NAMES: &[&str] = &[
    "quiet",
    "compilerinfo",
    "right",
    "scaledist",
    "eadist",
    "force_super4",
    "force_probcons",
    "allpairs",
    "nt",
    "amino",
    "accs",
    "verbose",
    "basename",
    "intsuffix",
    "stratified",
    "diversified",
    "randomchaintree",
    "input_order",
    "tree_order",
    "muscle3_randomorder",
    "confseq1",
    "q2",
    "missingtestseqok",
    "missingtestfileok",
    "bysequence",
    "reseek",
    "mega",
];
pub const UNS_OPT_NAMES: &[&str] = &[
    "threads",
    "consiters",
    "refineiters",
    "randseed",
    "paircount",
    "n",
    "splitcount",
    "maxcoarse",
    "perturb",
    "replicates",
    "maxcols",
    "minsuper",
    "minpctid",
    "maxpctid",
    "maxiters",
    "maxfailiters",
    "triesperiter",
    "blosumpct",
    "blosumparamset",
    "warmup_pct",
    "treeiters",
    "shrub_size",
    "min_core_block_cols",
    "min_core_block_seqs",
];
pub const FLT_OPT_NAMES: &[&str] = &[
    "min_cons_pct",
    "max_gap_fract",
    "max_gap_fract_row",
    "minea",
    "super6_maxpd1",
    "super5_minea1",
    "super4_minea1",
    "super4_minea2",
    "pctid",
    "perturb_var",
    "minconf",
    "maxpd",
    "shrink",
    "gapopen",
    "gapext",
    "termgapopen",
    "termgapext",
    "center",
    "s_is",
    "s_il",
    "m_is",
    "m_il",
    "is_is",
    "il_il",
];
pub const STR_OPT_NAMES: &[&str] = &[
    "align",
    "upgma5",
    "msastats",
    "pprog",
    "pprog2",
    "pprogt",
    "strip_gappy",
    "strip_gappy_cols",
    "strip_gappy_rows",
    "guide_tree_join_order",
    "eadistmx",
    "eadistmx_msas",
    "tree_subset_nodes",
    "derep",
    "consseq",
    "super4",
    "usorter",
    "permute_tree",
    "divide_tree",
    "fa2efa",
    "qscore",
    "qscore_oldcode",
    "qscore2",
    "qscoredir",
    "eacluster",
    "uclust",
    "super5",
    "super6",
    "transaln",
    "hmmdump",
    "perturbhmm",
    "resample",
    "disperse",
    "efastats",
    "colscore_efa",
    "qscore_efa",
    "efa_bestconf",
    "efa_bestcols",
    "trimtoref",
    "trimtoref_efa",
    "efa_explode",
    "relabel",
    "addconfseq",
    "labels2randomchaintree",
    "maxcc",
    "letterconf",
    "letterconf_html",
    "masm_stats",
    "make_a2m",
    "make_a2m_refseq",
    "efa2afa",
    "log",
    "output",
    "output1",
    "output2",
    "output3",
    "output4",
    "query",
    "input",
    "input2",
    "joinprefix",
    "joinpaths",
    "linkage",
    "joins",
    "tsvout",
    "html",
    "jalview",
    "distmxin",
    "guidetreein",
    "guidetreeout",
    "prefix",
    "suffix",
    "nodes",
    "label",
    "labels2",
    "savedir",
    "db",
    "label1",
    "label2",
    "subtreeout",
    "supertreeout",
    "refmsa",
    "ref",
    "refdir",
    "indir",
    "testdir",
    "testdir1",
    "testdir2",
    "outdir",
    "hmmin",
    "hmmout",
    "report",
    "accalnout",
    "perm",
    "calnout",
    "anchor_letter",
    "centroids",
    "substmx",
    "fev",
    "gridspec",
    "spatterspec",
    "kmerdist",
];

#[derive(Clone, Debug)]
struct RandState {
    slcg_state: uint32,
    init_done: bool,
    x: [uint32; 5],
}

static RAND_STATE: std::sync::Mutex<RandState> = std::sync::Mutex::new(RandState {
    slcg_state: 1,
    init_done: false,
    x: [0; 5],
});

#[derive(Clone, Debug)]
struct CmpMsaColorState {
    h: f64,
    colors: Vec<uint>,
    prev_random_color: uint,
}

static CMP_MSA_COLOR_STATE: std::sync::Mutex<CmpMsaColorState> =
    std::sync::Mutex::new(CmpMsaColorState {
        h: f64::MAX,
        colors: Vec::new(),
        prev_random_color: 0,
    });

static START_TIME: std::sync::OnceLock<std::time::SystemTime> = std::sync::OnceLock::new();
pub static G_ARGV: std::sync::Mutex<Vec<String>> = std::sync::Mutex::new(Vec::new());
static G_LOG_FILE: std::sync::Mutex<Option<std::fs::File>> = std::sync::Mutex::new(None);
static ASSERT_SAME_SEQS_OK_COUNT: std::sync::Mutex<uint> = std::sync::Mutex::new(0);
static SEQUENCE_NEW_COUNT: std::sync::Mutex<uint> = std::sync::Mutex::new(0);
static SEQUENCE_DELETE_COUNT: std::sync::Mutex<uint> = std::sync::Mutex::new(0);
static SUM_ALLOC: std::sync::Mutex<f64> = std::sync::Mutex::new(0.0);
static TRACKED_ALLOCS: std::sync::LazyLock<
    std::sync::Mutex<std::collections::BTreeMap<String, f64>>,
> = std::sync::LazyLock::new(|| std::sync::Mutex::new(std::collections::BTreeMap::new()));

#[derive(Clone, Debug)]
struct ProgressState {
    desc: String,
    index: uint,
    count: uint,
    prefix_on: bool,
    curr_line_length: uint,
    last_line_length: uint,
    prog_file_size: f64,
    prog_file_tick: uint,
    prog_file_msg: String,
}

static PROGRESS_STATE: std::sync::Mutex<ProgressState> = std::sync::Mutex::new(ProgressState {
    desc: String::new(),
    index: 0,
    count: 0,
    prefix_on: true,
    curr_line_length: 0,
    last_line_length: 0,
    prog_file_size: 0.0,
    prog_file_tick: 0,
    prog_file_msg: String::new(),
});

#[derive(Clone, Debug, Default)]
struct GlobalInputState {
    ms: Option<MultiSequence>,
    seq_count: uint,
    mean_seq_length: f64,
    max_seq_length: uint,
    label_to_idx: std::collections::BTreeMap<String, uint>,
    label_to_seq: std::collections::BTreeMap<String, Sequence>,
}

static GLOBAL_INPUT_STATE: std::sync::Mutex<GlobalInputState> =
    std::sync::Mutex::new(GlobalInputState {
        ms: None,
        seq_count: 0,
        mean_seq_length: 0.0,
        max_seq_length: 0,
        label_to_idx: std::collections::BTreeMap::new(),
        label_to_seq: std::collections::BTreeMap::new(),
    });

#[derive(Clone, Debug)]
struct AlphaState {
    char_to_letter: [uint; 256],
    char_to_letter_ex: [uint; 256],
    letter_to_char: [byte; 256],
    letter_ex_to_char: [byte; 256],
    align_char: [byte; 256],
    unalign_char: [byte; 256],
    is_wildcard_char: [bool; 256],
    is_residue_char: [bool; 256],
    alpha: ALPHA,
    alpha_size: uint,
    invalid_letters: [bool; 256],
    invalid_letter_count: i32,
}

static ALPHA_STATE: std::sync::Mutex<AlphaState> = std::sync::Mutex::new(AlphaState {
    char_to_letter: [INVALID_LETTER; 256],
    char_to_letter_ex: [INVALID_LETTER; 256],
    letter_to_char: [b'?'; 256],
    letter_ex_to_char: [b'?'; 256],
    align_char: [b'?'; 256],
    unalign_char: [b'?'; 256],
    is_wildcard_char: [false; 256],
    is_residue_char: [false; 256],
    alpha: ALPHA::ALPHA_Undefined,
    alpha_size: 0,
    invalid_letters: [false; 256],
    invalid_letter_count: 0,
});

#[derive(Clone, Copy, Debug, Default)]
pub struct ViterbiMegaGapState {
    pub l_open_a: f32,
    pub l_open_b: f32,
    pub l_ext_a: f32,
    pub l_ext_b: f32,
    pub r_open_a: f32,
    pub r_open_b: f32,
    pub r_ext_a: f32,
    pub r_ext_b: f32,
    pub open_a: f32,
    pub open_b: f32,
    pub ext_a: f32,
    pub ext_b: f32,
}

pub static VITERBI_MEGA_GAPS: std::sync::Mutex<ViterbiMegaGapState> =
    std::sync::Mutex::new(ViterbiMegaGapState {
        l_open_a: 0.0,
        l_open_b: 0.0,
        l_ext_a: 0.0,
        l_ext_b: 0.0,
        r_open_a: 0.0,
        r_open_b: 0.0,
        r_ext_a: 0.0,
        r_ext_b: 0.0,
        open_a: 0.0,
        open_b: 0.0,
        ext_a: 0.0,
        ext_b: 0.0,
    });

pub static NEWBENCH_UNGAPPED_SEQS: std::sync::Mutex<Vec<String>> =
    std::sync::Mutex::new(Vec::new());

#[derive(Clone, Debug, Default)]
pub struct NewbenchSelectPfamsState {
    pub primary_pf: String,
    pub primary_pfix: uint,
    pub annot_row: String,
    pub unique_pfs: Vec<String>,
    pub pf_to_pfix: std::collections::BTreeMap<String, uint>,
    pub pfix_to_regionixs: Vec<Vec<uint>>,
    pub unique_ups: Vec<String>,
    pub up_to_upix: std::collections::BTreeMap<String, uint>,
    pub upix_to_regionixs: Vec<Vec<uint>>,
    pub up_to_sp: std::collections::BTreeMap<String, String>,
    pub ups: Vec<String>,
    pub sps: Vec<String>,
    pub pfs: Vec<String>,
    pub los: Vec<uint>,
    pub his: Vec<uint>,
    pub ls: Vec<uint>,
    pub aln_regionix_vec: Vec<Vec<uint>>,
    pub aln_ups: Vec<String>,
    pub aln_sps: Vec<String>,
    pub pos_to_col_vec: Vec<Vec<uint>>,
    pub pos_to_pfix_vec: Vec<Vec<uint>>,
    pub col_to_pfix_vec: Vec<Vec<uint>>,
    pub aln_pfixs: Vec<uint>,
    pub aln_pfix_to_char: std::collections::BTreeMap<uint, char>,
    pub dom_str_to_count: std::collections::BTreeMap<String, uint>,
    pub dom_strs: Vec<String>,
    pub dom_coverages: Vec<f64>,
    pub unique_dom_strs: Vec<String>,
    pub unique_dom_str_counts: Vec<uint>,
    pub unique_dom_min_coverages: Vec<f64>,
    pub globalness: f64,
    pub before_primary_pfs: Vec<String>,
    pub after_primary_pfs: Vec<String>,
    pub core_count: uint,
    pub core_primary_count: uint,
    pub core_other_count: uint,
}

pub static NEWBENCH_SELECT_PFAMS_STATE: std::sync::LazyLock<
    std::sync::Mutex<NewbenchSelectPfamsState>,
> = std::sync::LazyLock::new(|| std::sync::Mutex::new(NewbenchSelectPfamsState::default()));

#[derive(Clone, Debug, Default, PartialEq, Eq)]
pub struct MakeSubstMxState {
    pub aln_count: uint,
    pub pct_id_counts: Vec<uint>,
    pub letter_counts: Vec<uint>,
    pub total_letters: uint,
    pub letter_pair_counts: Vec<Vec<uint>>,
    pub total_pairs: uint,
    pub min_pct_id: uint,
    pub max_pct_id: uint,
}

pub static MAKE_SUBST_MX_STATE: std::sync::Mutex<MakeSubstMxState> =
    std::sync::Mutex::new(MakeSubstMxState {
        aln_count: 0,
        pct_id_counts: Vec::new(),
        letter_counts: Vec::new(),
        total_letters: 0,
        letter_pair_counts: Vec::new(),
        total_pairs: 0,
        min_pct_id: 0,
        max_pct_id: 100,
    });

#[derive(Clone, Debug, Default, PartialEq)]
pub struct MegaState {
    pub file_name: String,
    pub lines: Vec<String>,
    pub feature_names: Vec<String>,
    pub weights: Vec<f32>,
    pub alpha_sizes: Vec<uint>,
    pub labels: Vec<String>,
    pub profiles: Vec<Vec<Vec<byte>>>,
    pub seqs: Vec<String>,
    pub log_probs_vec: Vec<Vec<f32>>,
    pub log_prob_mx_vec: Vec<Vec<Vec<f32>>>,
    pub log_odds_mx_vec: Vec<Vec<Vec<f32>>>,
    pub next_line_nr: uint,
    pub feature_count: uint,
    pub loaded: bool,
    pub gap_open: f32,
    pub gap_ext: f32,
    pub label_to_idx: std::collections::HashMap<String, uint>,
    pub seq_to_idx: std::collections::HashMap<String, uint>,
}

pub static MEGA_STATE: std::sync::LazyLock<std::sync::Mutex<MegaState>> =
    std::sync::LazyLock::new(|| {
        std::sync::Mutex::new(MegaState {
            file_name: String::new(),
            lines: Vec::new(),
            feature_names: Vec::new(),
            weights: Vec::new(),
            alpha_sizes: Vec::new(),
            labels: Vec::new(),
            profiles: Vec::new(),
            seqs: Vec::new(),
            log_probs_vec: Vec::new(),
            log_prob_mx_vec: Vec::new(),
            log_odds_mx_vec: Vec::new(),
            next_line_nr: 0,
            feature_count: 0,
            loaded: false,
            gap_open: f32::MAX,
            gap_ext: f32::MAX,
            label_to_idx: std::collections::HashMap::new(),
            seq_to_idx: std::collections::HashMap::new(),
        })
    });

pub static FASTA_UPPER: std::sync::Mutex<bool> = std::sync::Mutex::new(true);
pub static FASTA_ALLOW_DIGITS: std::sync::Mutex<bool> = std::sync::Mutex::new(true);

pub const BLOSUM62_SIJ: [[f32; 20]; 20] = [
    [
        1.9646, -0.2043, -0.8767, -0.4319, -1.1050, 0.0798, -0.8126, -0.6609, -0.3670, -0.7323,
        -0.4676, -0.7654, -0.4071, -0.4020, -0.7068, 0.5579, -0.0227, -0.0947, -1.2634, -0.8820,
    ],
    [
        -0.2043, 4.2911, -1.7300, -1.8062, -1.1877, -1.2502, -1.4939, -0.6138, -1.5182, -0.6387,
        -0.7099, -1.3299, -1.3976, -1.4509, -1.6946, -0.4375, -0.4333, -0.4038, -1.1521, -1.2036,
    ],
    [
        -0.8767, -1.7300, 2.8871, 0.7552, -1.7419, -0.6568, -0.5595, -1.5606, -0.3509, -1.8028,
        -1.5293, 0.6358, -0.7401, -0.1567, -0.8029, -0.1305, -0.5254, -1.5713, -2.1072, -1.5325,
    ],
    [
        -0.4319, -1.8062, 0.7552, 2.4514, -1.5962, -1.0551, -0.0588, -1.5972, 0.3877, -1.4232,
        -0.9990, -0.1340, -0.5581, 0.9273, -0.0577, -0.0735, -0.4316, -1.2211, -1.4177, -1.0102,
    ],
    [
        -1.1050, -1.1877, -1.7419, -1.5962, 3.0230, -1.5537, -0.6171, -0.0804, -1.5393, 0.2074,
        0.0063, -1.4970, -1.7986, -1.5822, -1.3932, -1.1845, -1.0538, -0.4245, 0.4588, 1.4696,
    ],
    [
        0.0798, -1.2502, -0.6568, -1.0551, -1.5537, 2.7816, -1.0204, -1.8624, -0.7640, -1.8135,
        -1.3383, -0.2114, -1.0668, -0.8926, -1.1521, -0.1462, -0.7877, -1.5694, -1.2457, -1.5199,
    ],
    [
        -0.8126, -1.4939, -0.5595, -0.0588, -0.6171, -1.0204, 3.7555, -1.6158, -0.3605, -1.3934,
        -0.7756, 0.2892, -1.0805, 0.2240, -0.1249, -0.4408, -0.8429, -1.5587, -1.1711, 0.8463,
    ],
    [
        -0.6609, -0.6138, -1.5606, -1.5972, -0.0804, -1.8624, -1.6158, 1.9993, -1.3351, 0.7608,
        0.5634, -1.6085, -1.3783, -1.3848, -1.4951, -1.1741, -0.3588, 1.2735, -1.2903, -0.6657,
    ],
    [
        -0.3670, -1.5182, -0.3509, 0.3877, -1.5393, -0.7640, -0.3605, -1.3351, 2.2523, -1.2234,
        -0.6774, -0.0895, -0.5068, 0.6363, 1.0544, -0.1017, -0.3348, -1.1312, -1.4782, -0.9100,
    ],
    [
        -0.7323, -0.6387, -1.8028, -1.4232, 0.2074, -1.8135, -1.3934, 0.7608, -1.2234, 1.9247,
        0.9959, -1.6895, -1.4300, -1.0670, -1.0773, -1.2213, -0.5987, 0.3942, -0.8159, -0.5310,
    ],
    [
        -0.4676, -0.7099, -1.5293, -0.9990, 0.0063, -1.3383, -0.7756, 0.5634, -0.6774, 0.9959,
        2.6963, -1.0754, -1.2382, -0.2105, -0.6836, -0.7404, -0.3331, 0.3436, -0.7124, -0.4974,
    ],
    [
        -0.7654, -1.3299, 0.6358, -0.1340, -1.4970, -0.2114, 0.2892, -1.6085, -0.0895, -1.6895,
        -1.0754, 2.8266, -1.0002, 0.0008, -0.2199, 0.3005, -0.0230, -1.4382, -1.8480, -1.0409,
    ],
    [
        -0.4071, -1.3976, -0.7401, -0.5581, -1.7986, -1.0668, -1.0805, -1.3783, -0.5068, -1.4300,
        -1.2382, -1.0002, 3.6823, -0.6410, -1.0543, -0.4045, -0.5376, -1.1744, -1.8271, -1.4599,
    ],
    [
        -0.4020, -1.4509, -0.1567, 0.9273, -1.5822, -0.8926, 0.2240, -1.3848, 0.6363, -1.0670,
        -0.2105, 0.0008, -0.6410, 2.6426, 0.4914, -0.0506, -0.3377, -1.0992, -0.9732, -0.7105,
    ],
    [
        -0.7068, -1.6946, -0.8029, -0.0577, -1.3932, -1.1521, -0.1249, -1.4951, 1.0544, -1.0773,
        -0.6836, -0.2199, -1.0543, 0.4914, 2.7367, -0.3824, -0.5612, -1.2513, -1.3397, -0.8469,
    ],
    [
        0.5579, -0.4375, -0.1305, -0.0735, -1.1845, -0.1462, -0.4408, -1.1741, -0.1017, -1.2213,
        -0.7404, 0.3005, -0.4045, -0.0506, -0.3824, 1.9422, 0.6906, -0.8231, -1.3759, -0.8429,
    ],
    [
        -0.0227, -0.4333, -0.5254, -0.4316, -1.0538, -0.7877, -0.8429, -0.3588, -0.3348, -0.5987,
        -0.3331, -0.0230, -0.5376, -0.3377, -0.5612, 0.6906, 2.2727, -0.0278, -1.2145, -0.8030,
    ],
    [
        -0.0947, -0.4038, -1.5713, -1.2211, -0.4245, -1.5694, -1.5587, 1.2735, -1.1312, 0.3942,
        0.3436, -1.4382, -1.1744, -1.0992, -1.2513, -0.8231, -0.0278, 1.8845, -1.4171, -0.6038,
    ],
    [
        -1.2634, -1.1521, -2.1072, -1.4177, 0.4588, -1.2457, -1.1711, -1.2903, -1.4782, -0.8159,
        -0.7124, -1.8480, -1.8271, -0.9732, -1.3397, -1.3759, -1.2145, -1.4171, 5.2520, 1.0771,
    ],
    [
        -0.8820, -1.2036, -1.5325, -1.0102, 1.4696, -1.5199, 0.8463, -0.6657, -0.9100, -0.5310,
        -0.4974, -1.0409, -1.4599, -0.7105, -0.8469, -0.8429, -0.8030, -0.6038, 1.0771, 3.2975,
    ],
];

pub const BLOSUM90_SIJ: [[f32; 20]; 20] = [
    [
        4.9179, -1.1581, -2.5684, -1.1669, -3.0548, -0.4512, -2.2281, -2.1429, -1.1811, -2.3278,
        -1.7305, -2.1459, -0.9798, -1.3011, -1.8254, 1.0777, -0.1948, -0.6666, -3.6358, -2.8667,
    ],
    [
        -1.1581, 8.8709, -5.0118, -5.5314, -2.6979, -4.3928, -4.7384, -1.8819, -4.4261, -2.4681,
        -2.4547, -3.5984, -4.2387, -4.0930, -4.5552, -1.8661, -1.7337, -1.5322, -3.9931, -3.5469,
    ],
    [
        -2.5684, -5.0118, 6.6064, 1.3758, -4.6806, -2.0897, -1.7450, -5.0850, -1.3749, -5.0955,
        -4.4226, 1.2102, -2.6449, -1.0860, -2.5198, -1.0428, -1.8373, -4.5558, -6.2253, -4.4521,
    ],
    [
        -1.1669, -5.5314, 1.3758, 5.9676, -4.5737, -3.0539, -0.7447, -4.1483, 0.2150, -4.1512,
        -2.9357, -0.8241, -1.8374, 1.7460, -0.9009, -0.7922, -1.4105, -3.1647, -4.6056, -3.7429,
    ],
    [
        -3.0548, -2.6979, -4.6806, -4.5737, 6.7899, -4.6868, -1.9380, -0.7420, -3.7362, 0.1424,
        -0.6040, -4.1543, -4.4696, -3.6654, -3.8624, -3.1702, -2.7129, -1.5854, -0.0520, 2.9416,
    ],
    [
        -0.4512, -4.3928, -2.0897, -3.0539, -4.6868, 6.1047, -3.1541, -5.4466, -2.4508, -4.8960,
        -4.1497, -1.1650, -3.4837, -2.7852, -3.2111, -1.0272, -2.6404, -4.6113, -4.1906, -4.8085,
    ],
    [
        -2.2281, -4.7384, -1.7450, -0.7447, -1.9380, -3.1541, 8.4288, -4.2127, -1.1118, -3.5788,
        -2.5963, 0.2542, -2.6473, 0.6387, -0.4006, -1.5016, -2.1672, -4.0014, -2.7587, 1.4030,
    ],
    [
        -2.1429, -1.8819, -5.0850, -4.1483, -0.7420, -5.4466, -4.2127, 4.9836, -3.6316, 1.3386,
        1.1309, -4.2503, -3.8783, -3.6707, -3.7785, -3.1784, -1.3774, 2.6145, -3.6271, -2.1254,
    ],
    [
        -1.1811, -4.4261, -1.3749, 0.2150, -3.7362, -2.4508, -1.1118, -3.6316, 5.7788, -3.3000,
        -1.9771, -0.3276, -1.7036, 1.1408, 2.2219, -0.9005, -1.1105, -3.2128, -5.0300, -3.0609,
    ],
    [
        -2.3278, -2.4681, -5.0955, -4.1512, 0.1424, -4.8960, -3.5788, 1.3386, -3.3000, 4.6620,
        2.1090, -4.3131, -3.7546, -2.8323, -3.2326, -3.1220, -1.9577, 0.3601, -2.8468, -1.9497,
    ],
    [
        -1.7305, -2.4547, -4.4226, -2.9357, -0.6040, -4.1497, -2.5963, 1.1309, -1.9771, 2.1090,
        7.0065, -3.1091, -3.3230, -0.4702, -2.2215, -2.3748, -1.1169, 0.3712, -2.0423, -2.1159,
    ],
    [
        -2.1459, -3.5984, 1.2102, -0.8241, -4.1543, -1.1650, 0.2542, -4.2503, -0.3276, -4.3131,
        -3.1091, 6.7379, -3.0230, -0.2883, -0.9757, 0.2668, -0.4823, -3.9030, -4.9749, -2.9501,
    ],
    [
        -0.9798, -4.2387, -2.6449, -1.8374, -4.4696, -3.4837, -2.6473, -3.8783, -1.7036, -3.7546,
        -3.3230, -3.0230, 8.0158, -2.0781, -2.5775, -1.5045, -2.1143, -3.2605, -5.0378, -4.4611,
    ],
    [
        -1.3011, -4.0930, -1.0860, 1.7460, -3.6654, -2.7852, 0.6387, -3.6707, 1.1408, -2.8323,
        -0.4702, -0.2883, -2.0781, 6.6399, 0.6645, -0.6919, -1.1491, -3.0393, -3.0200, -2.6315,
    ],
    [
        -1.8254, -4.5552, -2.5198, -0.9009, -3.8624, -3.2111, -0.4006, -3.7785, 2.2219, -3.2326,
        -2.2215, -0.9757, -2.5775, 0.6645, 6.4822, -1.3465, -1.8572, -3.3202, -4.0128, -2.9291,
    ],
    [
        1.0777, -1.8661, -1.0428, -0.7922, -3.1702, -1.0272, -1.5016, -3.1784, -0.9005, -3.1220,
        -2.3748, 0.2668, -1.5045, -0.6919, -1.3465, 5.1659, 1.4074, -2.3079, -4.2366, -2.5615,
    ],
    [
        -0.1948, -1.7337, -1.8373, -1.4105, -2.7129, -2.6404, -2.1672, -1.3774, -1.1105, -1.9577,
        -1.1169, -0.4823, -2.1143, -1.1491, -1.8572, 1.4074, 5.7194, -0.6293, -4.2774, -2.4993,
    ],
    [
        -0.6666, -1.5322, -4.5558, -3.1647, -1.5854, -4.6113, -4.0014, 2.6145, -3.2128, 0.3601,
        0.3712, -3.9030, -3.2605, -3.0393, -3.3202, -2.3079, -0.6293, 4.8207, -3.4763, -2.6107,
    ],
    [
        -3.6358, -3.9931, -6.2253, -4.6056, -0.0520, -4.1906, -2.7587, -3.6271, -5.0300, -2.8468,
        -2.0423, -4.9749, -5.0378, -3.0200, -4.0128, -4.2366, -4.2774, -3.4763, 10.8306, 1.6548,
    ],
    [
        -2.8667, -3.5469, -4.4521, -3.7429, 2.9416, -4.8085, 1.4030, -2.1254, -3.0609, -1.9497,
        -2.1159, -2.9501, -4.4611, -2.6315, -2.9291, -2.5615, -2.4993, -2.6107, 1.6548, 7.5330,
    ],
];

pub const BLOSUM80_SIJ: [[f32; 20]; 20] = [
    [
        4.5099, -0.9010, -2.2982, -1.0162, -2.6670, -0.1265, -1.9179, -1.7603, -0.9363, -1.9737,
        -1.3538, -1.9422, -0.7500, -1.0467, -1.6972, 1.2358, -0.0594, -0.4155, -3.3860, -2.3937,
    ],
    [
        -0.9010, 8.7434, -4.4500, -4.9539, -2.6819, -3.7561, -4.3516, -1.5659, -4.1040, -2.0427,
        -2.0034, -3.4702, -3.7868, -3.5213, -4.2097, -1.5911, -1.4656, -1.3128, -3.4526, -3.3986,
    ],
    [
        -2.2982, -4.4500, 6.3737, 1.4195, -4.1855, -1.7744, -1.5011, -4.4480, -1.1261, -4.6850,
        -3.9776, 1.3280, -2.2886, -0.7794, -2.1381, -0.7390, -1.4221, -4.0619, -5.5762, -4.0560,
    ],
    [
        -1.0162, -4.9539, 1.4195, 5.6125, -4.0119, -2.6485, -0.3000, -3.8400, 0.5139, -3.7195,
        -2.4448, -0.6040, -1.5647, 1.8618, -0.5312, -0.4858, -1.0894, -2.8736, -4.1081, -3.1739,
    ],
    [
        -2.6670, -2.6819, -4.1855, -4.0119, 6.4914, -4.0139, -1.6126, -0.5011, -3.6451, 0.3123,
        -0.3255, -3.7494, -4.1521, -3.6203, -3.5991, -2.8758, -2.3350, -1.2479, 0.2471, 2.9504,
    ],
    [
        -0.1265, -3.7561, -1.7744, -2.6485, -4.0139, 5.9573, -2.7381, -4.8773, -2.0972, -4.4956,
        -3.6111, -0.7883, -3.0515, -2.4717, -2.8113, -0.7010, -2.0451, -3.9890, -3.8385, -4.2467,
    ],
    [
        -1.9179, -4.3516, -1.5011, -0.3000, -1.6126, -2.7381, 8.0125, -3.9099, -0.8684, -3.3396,
        -2.4213, 0.3379, -2.5054, 0.7913, -0.2233, -1.1928, -1.7802, -3.5824, -2.7152, 1.7268,
    ],
    [
        -1.7603, -1.5659, -4.4480, -3.8400, -0.5011, -4.8773, -3.9099, 4.5664, -3.3483, 1.4710,
        1.1938, -3.9114, -3.6139, -3.3880, -3.4802, -2.7995, -1.0270, 2.6391, -3.0862, -1.7816,
    ],
    [
        -0.9363, -4.1040, -1.1261, 0.5139, -3.6451, -2.0972, -0.8684, -3.3483, 5.3224, -2.9732,
        -1.8080, -0.1835, -1.4899, 1.2158, 2.2647, -0.5719, -0.8855, -2.8673, -4.1007, -2.5832,
    ],
    [
        -1.9737, -2.0427, -4.6850, -3.7195, 0.3123, -4.4956, -3.3396, 1.4710, -2.9732, 4.3161,
        2.1719, -4.0036, -3.4443, -2.5945, -2.9253, -2.8807, -1.6687, 0.5749, -2.3768, -1.5692,
    ],
    [
        -1.3538, -2.0034, -3.9776, -2.4448, -0.3255, -3.6111, -2.4213, 1.1938, -1.8080, 2.1719,
        6.3022, -2.7797, -2.9325, -0.3474, -1.9663, -2.0090, -0.7996, 0.5835, -1.6696, -1.7253,
    ],
    [
        -1.9422, -3.4702, 1.3280, -0.6040, -3.7494, -0.7883, 0.3379, -3.9114, -0.1835, -4.0036,
        -2.7797, 6.3279, -2.6593, -0.1233, -0.7428, 0.4415, -0.2784, -3.5027, -4.3518, -2.7578,
    ],
    [
        -0.7500, -3.7868, -2.2886, -1.5647, -4.1521, -3.0515, -2.5054, -3.6139, -1.4899, -3.4443,
        -2.9325, -2.6593, 7.8434, -1.7887, -2.3324, -1.2354, -1.6712, -2.8670, -4.9796, -3.9142,
    ],
    [
        -1.0467, -3.5213, -0.7794, 1.8618, -3.6203, -2.4717, 0.7913, -3.3880, 1.2158, -2.5945,
        -0.3474, -0.1233, -1.7887, 6.1201, 0.9590, -0.4386, -0.9304, -2.5660, -2.5874, -2.2290,
    ],
    [
        -1.6972, -4.2097, -2.1381, -0.5312, -3.5991, -2.8113, -0.2233, -3.4802, 2.2647, -2.9253,
        -1.9663, -0.7428, -2.3324, 0.9590, 6.0869, -1.0519, -1.4817, -2.9986, -3.5298, -2.5184,
    ],
    [
        1.2358, -1.5911, -0.7390, -0.4858, -2.8758, -0.7010, -1.1928, -2.7995, -0.5719, -2.8807,
        -2.0090, 0.4415, -1.2354, -0.4386, -1.0519, 4.7043, 1.4669, -2.0367, -3.7697, -2.2280,
    ],
    [
        -0.0594, -1.4656, -1.4221, -1.0894, -2.3350, -2.0451, -1.7802, -1.0270, -0.8855, -1.6687,
        -0.7996, -0.2784, -1.6712, -0.9304, -1.4817, 1.4669, 5.2671, -0.3314, -3.6211, -2.1513,
    ],
    [
        -0.4155, -1.3128, -4.0619, -2.8736, -1.2479, -3.9890, -3.5824, 2.6391, -2.8673, 0.5749,
        0.5835, -3.5027, -2.8670, -2.5660, -2.9986, -2.0367, -0.3314, 4.3929, -3.0944, -2.0629,
    ],
    [
        -3.3860, -3.4526, -5.5762, -4.1081, 0.2471, -3.8385, -2.7152, -3.0862, -4.1007, -2.3768,
        -1.6696, -4.3518, -4.9796, -2.5874, -3.5298, -3.7697, -3.6211, -3.0944, 10.7537, 2.0515,
    ],
    [
        -2.3937, -3.3986, -4.0560, -3.1739, 2.9504, -4.2467, 1.7268, -1.7816, -2.5832, -1.5692,
        -1.7253, -2.7578, -3.9142, -2.2290, -2.5184, -2.2280, -2.1513, -2.0629, 2.0515, 7.2162,
    ],
];

pub const BLOSUM70_SIJ: [[f32; 20]; 20] = [
    [
        4.2364, -0.6025, -2.0030, -0.9681, -2.4888, 0.0322, -1.8236, -1.5456, -0.8601, -1.7676,
        -1.1640, -1.7406, -0.6968, -0.9409, -1.6012, 1.2304, -0.0530, -0.2960, -2.9000, -2.1049,
    ],
    [
        -0.6025, 8.6848, -3.7647, -4.3606, -2.3155, -3.1486, -3.7961, -1.3288, -3.6122, -1.6853,
        -1.7621, -3.2284, -3.2899, -3.0928, -3.8031, -1.0660, -1.2117, -1.1259, -2.5713, -2.7563,
    ],
    [
        -2.0030, -3.7647, 6.0950, 1.4941, -3.7812, -1.5223, -1.3348, -3.8555, -0.8967, -4.2618,
        -3.4877, 1.3577, -1.9735, -0.5743, -1.8810, -0.4394, -1.1647, -3.6333, -4.7798, -3.6629,
    ],
    [
        -0.9681, -4.3606, 1.4941, 5.3006, -3.6969, -2.3616, -0.1131, -3.6010, 0.6975, -3.3845,
        -2.3109, -0.4046, -1.3746, 1.8443, -0.2679, -0.2215, -0.8748, -2.7045, -3.5636, -2.6170,
    ],
    [
        -2.4888, -2.3155, -3.7812, -3.6969, 6.2358, -3.5049, -1.4036, -0.3073, -3.3788, 0.3821,
        -0.1695, -3.4607, -3.9216, -3.3539, -3.2045, -2.6140, -2.1682, -0.9735, 0.7986, 2.8850,
    ],
    [
        0.0322, -3.1486, -1.5223, -2.3616, -3.5049, 5.7934, -2.4889, -4.3124, -1.7910, -4.1083,
        -3.1594, -0.5674, -2.6165, -2.1503, -2.5447, -0.5209, -1.7987, -3.5680, -3.0647, -3.6940,
    ],
    [
        -1.8236, -3.7961, -1.3348, -0.1131, -1.4036, -2.4889, 7.7413, -3.6840, -0.7370, -3.2007,
        -2.0681, 0.4651, -2.3090, 0.6295, -0.2367, -0.9699, -1.6768, -3.3636, -2.3027, 1.8480,
    ],
    [
        -1.5456, -1.3288, -3.8555, -3.6010, -0.3073, -4.3124, -3.6840, 4.2758, -2.9946, 1.5353,
        1.2025, -3.5604, -3.2453, -3.1601, -3.2474, -2.5964, -0.8486, 2.5591, -2.6458, -1.4104,
    ],
    [
        -0.8601, -3.6122, -0.8967, 0.6975, -3.3788, -1.7910, -0.7370, -2.9946, 4.9098, -2.6646,
        -1.5394, -0.1737, -1.2039, 1.3130, 2.2190, -0.4014, -0.7211, -2.5260, -3.4926, -2.2213,
    ],
    [
        -1.7676, -1.6853, -4.2618, -3.3845, 0.3821, -4.1083, -3.2007, 1.5353, -2.6646, 4.0507,
        2.1141, -3.7746, -3.2002, -2.4020, -2.6730, -2.6106, -1.5083, 0.7250, -1.9954, -1.2373,
    ],
    [
        -1.1640, -1.7621, -3.4877, -2.3109, -0.1695, -3.1594, -2.0681, 1.2025, -1.5394, 2.1141,
        5.8509, -2.4639, -2.6990, -0.3916, -1.7451, -1.7101, -0.7383, 0.6210, -1.8809, -1.3168,
    ],
    [
        -1.7406, -3.2284, 1.3577, -0.4046, -3.4607, -0.5674, 0.4651, -3.5604, -0.1737, -3.7746,
        -2.4639, 6.0195, -2.4713, -0.0655, -0.6071, 0.4955, -0.1330, -3.1409, -3.8658, -2.4625,
    ],
    [
        -0.6968, -3.2899, -1.9735, -1.3746, -3.9216, -2.6165, -2.3090, -3.2453, -1.2039, -3.2002,
        -2.6990, -2.4713, 7.6309, -1.5650, -2.1564, -0.9621, -1.3875, -2.5625, -4.1117, -3.3554,
    ],
    [
        -0.9409, -3.0928, -0.5743, 1.8443, -3.3539, -2.1503, 0.6295, -3.1601, 1.3130, -2.4020,
        -0.3916, -0.0655, -1.5650, 5.7513, 1.0478, -0.2593, -0.7405, -2.3861, -2.1850, -1.9000,
    ],
    [
        -1.6012, -3.8031, -1.8810, -0.2679, -3.2045, -2.5447, -0.2367, -3.2474, 2.2190, -2.6730,
        -1.7451, -0.6071, -2.1564, 1.0478, 5.7996, -0.8710, -1.2684, -2.6912, -3.1502, -1.9938,
    ],
    [
        1.2304, -1.0660, -0.4394, -0.2215, -2.6140, -0.5209, -0.9699, -2.5964, -0.4014, -2.6106,
        -1.7101, 0.4955, -0.9621, -0.2593, -0.8710, 4.3005, 1.4323, -1.8858, -3.2059, -1.8491,
    ],
    [
        -0.0530, -1.2117, -1.1647, -0.8748, -2.1682, -1.7987, -1.6768, -0.8486, -0.7211, -1.5083,
        -0.7383, -0.1330, -1.3875, -0.7405, -1.2684, 1.4323, 4.9315, -0.1832, -3.0254, -1.8807,
    ],
    [
        -0.2960, -1.1259, -3.6333, -2.7045, -0.9735, -3.5680, -3.3636, 2.5591, -2.5260, 0.7250,
        0.6210, -3.1409, -2.5625, -2.3861, -2.6912, -1.8858, -0.1832, 4.0947, -2.8266, -1.5492,
    ],
    [
        -2.9000, -2.5713, -4.7798, -3.5636, 0.7986, -3.0647, -2.3027, -2.6458, -3.4926, -1.9954,
        -1.8809, -3.8658, -4.1117, -2.1850, -3.1502, -3.2059, -3.0254, -2.8266, 10.5996, 2.0443,
    ],
    [
        -2.1049, -2.7563, -3.6629, -2.6170, 2.8850, -3.6940, 1.8480, -1.4104, -2.2213, -1.2373,
        -1.3168, -2.4625, -3.3554, -1.9000, -1.9938, -1.8491, -1.8807, -1.5492, 2.0443, 6.9132,
    ],
];

// Original C++ classes/structs/enums discovered in muscle/src.
#[derive(Clone, Copy, Debug, Default, PartialEq, Eq)]
pub enum ALPHA {
    #[default]
    ALPHA_Undefined,
    ALPHA_Nucleo,
    ALPHA_Amino,
} // original: ALPHA (muscle/src/alpha.h)

#[derive(Clone, Debug, Default)]
pub struct Bench {
    pub ap: Option<M3AlnParams>,
    pub ref_names: Vec<String>,
    pub refs: Vec<MultiSequence>,
    pub inputs: Vec<MultiSequence>,
    pub m3s: Vec<Muscle3>,
    pub qss: Vec<QScorer>,
    pub qs2s: Vec<QScorer2>,
    pub thread_count: uint,
    pub mean_q: f64,
    pub mean_tc: f64,
    pub final_score: f64,
    pub show_progress: bool,
    pub tcs: Vec<f64>,
} // original: Bench (muscle/src/bench.h)

#[derive(Clone, Debug, Default)]
pub struct CacheMem3 {
    pub cache_m_curr: Vec<f32>,
    pub cache_m_next: Vec<f32>,
    pub cache_m_prev: Vec<f32>,
    pub cache_d_row: Vec<f32>,
    pub cache_tb: Vec<Vec<byte>>,
} // original: CacheMem3 (muscle/src/cachemem3.h)

#[derive(Clone, Debug, Default)]
pub struct HSPData; // original: HSPData (muscle/src/chainer.h)

#[derive(Clone, Debug, Default)]
pub struct BPData; // original: BPData (muscle/src/chainer.h)

#[derive(Clone, Debug, Default)]
pub struct ChainData; // original: ChainData (muscle/src/chainer.h)

#[derive(Clone, Debug, Default)]
pub struct Chainer; // original: Chainer (muscle/src/chainer.h)

#[derive(Clone, Debug, Default)]
pub struct ClustalWeights {
    pub node_to_subtree_size: Vec<uint>,
    pub node_to_strength: Vec<f32>,
} // original: ClustalWeights (muscle/src/clustalweights.h)

#[derive(Clone, Debug, Default)]
pub struct CountSortMem; // original: CountSortMem (muscle/src/countsort.h)

#[derive(Clone, Debug, Default)]
pub struct Derep {
    pub input_seqs: Option<MultiSequence>,
    pub seq_index_to_rep_seq_index: Vec<uint>,
    pub rep_seq_indexes: Vec<uint>,
    pub rep_seq_index_to_seq_indexes: Vec<Vec<uint>>,
    pub slot_count: uint,
    pub hash_to_seq_indexes: Vec<Vec<uint>>,
    pub disable: bool,
} // original: Derep (muscle/src/derep.h)

#[derive(Clone, Debug, Default, PartialEq, Eq)]
pub struct DiagBox {
    pub la: uint,
    pub lb: uint,
    pub dlo: uint,
    pub dhi: uint,
    pub dlo_mini: uint,
    pub dlo_minj: uint,
    pub dlo_maxi: uint,
    pub dlo_maxj: uint,
    pub dhi_mini: uint,
    pub dhi_minj: uint,
    pub dhi_maxi: uint,
    pub dhi_maxj: uint,
} // original: DiagBox (muscle/src/diagbox.h)

#[derive(Clone, Debug, Default)]
pub struct EACluster {
    pub input_seqs: Option<MultiSequence>,
    pub us: USorter,
    pub centroid_seq_indexes: Vec<uint>,
    pub centroid_index_to_seq_indexes: Vec<Vec<uint>>,
    pub seq_index_to_centroid_index: Vec<uint>,
    pub cluster_mfas: Vec<MultiSequence>,
} // original: EACluster (muscle/src/eacluster.h)

#[derive(Clone, Debug, Default)]
pub struct Ensemble {
    pub msas: Vec<MultiSequence>,
    pub msa_names: Vec<String>,
    pub labels0: Vec<String>,
    pub label_to_seq_index0: std::collections::BTreeMap<String, uint>,
    pub ungapped_seqs: Vec<String>,
    pub column_strings: Vec<String>,
    pub column_positions: Vec<Vec<i32>>,
    pub col_to_pos_vec: Vec<Vec<Vec<i32>>>,
    pub ix_to_msa_index: Vec<uint>,
    pub ix_to_col_index: Vec<uint>,
    pub msa_col_to_ix: Vec<Vec<uint>>,
    pub unique_ixs: Vec<uint>,
    pub unique_ix_to_ixs: Vec<Vec<uint>>,
    pub ix_to_unique_ix: Vec<uint>,
    pub unique_col_map: std::collections::BTreeMap<Vec<i32>, uint>,
} // original: Ensemble (muscle/src/ensemble.h)

#[derive(Clone, Debug, Default)]
pub struct FileBuffer; // original: FileBuffer (muscle/src/filebuffer.h)

#[derive(Clone, Debug, Default)]
pub struct GoBuff; // original: GoBuff (muscle/src/gobuff.h)

#[derive(Clone, Debug, Default)]
pub struct GTBuilder {
    pub target_seed_count: uint,
    pub max_all: uint,
    pub seqs: Option<MultiSequence>,
} // original: GTBuilder (muscle/src/gtbuilder.h)

#[derive(Clone, Debug, Default)]
pub struct GTBNode {
    pub builder: Option<GTBuilder>,
    pub seq_indexes: Vec<uint>,
    pub seed_seq_indexes: Vec<uint>,
    pub children: Vec<GTBNode>,
    pub upgma: UPGMA5,
    pub tree: Tree,
} // original: GTBNode (muscle/src/gtbnode.h)

#[derive(Clone, Copy, Debug, Default, PartialEq, Eq)]
#[repr(u32)]
pub enum HMMTRANS {
    #[default]
    HMMTRANS_START_M = 0,
    HMMTRANS_START_IS = 1,
    HMMTRANS_START_IL = 2,
    HMMTRANS_M_M = 3,
    HMMTRANS_M_IS = 4,
    HMMTRANS_M_IL = 5,
    HMMTRANS_IS_IS = 6,
    HMMTRANS_IS_M = 7,
    HMMTRANS_IL_IL = 8,
    HMMTRANS_IL_M = 9,
} // original: HMMTRANS (muscle/src/hmmparams.h)

#[derive(Clone, Debug, Default, PartialEq)]
pub struct HMMParams {
    pub logs: bool,
    pub line_nr: uint,
    pub var: f32,
    pub trans: Vec<f32>,
    pub emits: Vec<Vec<f32>>,
    pub lines: Vec<String>,
    pub alpha: String,
} // original: HMMParams (muscle/src/hmmparams.h)

#[derive(Clone, Debug, Default, PartialEq, Eq)]
pub struct MultiSequence {
    pub seqs: Vec<Sequence>,
    pub owners: Vec<bool>,
    pub dupe_labels_ok: bool,
    pub id_count: uint,
    pub id_to_seq_index: Vec<uint>,
    pub seq_index_to_id: Vec<uint>,
} // original: MultiSequence (muscle/src/kmerdist33.h)

#[derive(Clone, Debug, Default)]
pub struct KmerDist33; // original: KmerDist33 (muscle/src/kmerdist33.h)

#[derive(Clone, Debug, Default)]
pub struct KmerDist66; // original: KmerDist66 (muscle/src/kmerdist66.h)

#[derive(Clone, Debug, Default, PartialEq)]
pub struct M3AlnParams {
    pub subst_mx_letter: [[f32; 20]; 20],
    pub gap_open: f32,
    pub center_added: bool,
    pub perturb_seed: uint,
    pub perturb_subst_mx_delta: f32,
    pub perturb_gap_params_delta: f32,
    pub perturb_dist_mx_delta: f32,
    pub perturb_subst_mx_done: bool,
    pub perturb_gap_params_done: bool,
    pub nuc_match_score: f32,
    pub nuc_mismatch_score: f32,
    pub term_gap_open: f32,
    pub term_gap_ext: f32,
    pub ready: bool,
    pub linkage: String,
    pub tree_iters: uint,
    pub kmer_dist: String,
    pub center: f32,
    pub min_std_rand: uint,
} // original: M3AlnParams (muscle/src/m3alnparams.h)

#[derive(Clone, Debug, Default, PartialEq, Eq)]
pub struct Sequence {
    pub label: String,
    pub char_vec: Vec<char>,
} // original: Sequence (muscle/src/masm.h)

#[derive(Clone, Debug, Default, PartialEq)]
pub struct MASM {
    pub aln: Option<Box<MultiSequence>>,
    pub label: String,
    pub col_count: uint,
    pub seq_count: uint,
    pub feature_count: uint,
    pub feature_names: Vec<String>,
    pub alpha_sizes: Vec<uint>,
    pub cols: Vec<MASMCol>,
    pub ungapped_seqs: Vec<String>,
    pub feature_aln_vec: Vec<Vec<Vec<byte>>>,
    pub gap_open: f32,
    pub gap_ext: f32,
    pub aa_feature_idx: uint,
} // original: MASM (muscle/src/masm.h)

#[derive(Clone, Debug, Default, PartialEq)]
pub struct MASMCol {
    pub masm: Option<Box<MASM>>,
    pub col_index: uint,
    pub gap_open: f32,
    pub gap_ext: f32,
    pub gap_close: f32,
    pub letter_freq: f32,
    pub gap_open_freq: f32,
    pub gap_ext_freq: f32,
    pub gap_close_freq: f32,
    pub freqs_vec: Vec<Vec<f32>>,
    pub scores_vec: Vec<Vec<f32>>,
} // original: MASMCol (muscle/src/masmcol.h)

#[derive(Clone, Debug, Default)]
pub struct Mega; // original: Mega (muscle/src/mega.h)

#[derive(Clone, Debug, Default)]
pub struct MPCFlat {
    pub original_input_seqs: Option<MultiSequence>,
    pub my_input_seqs: Option<MultiSequence>,
    pub msa: Option<MultiSequence>,
    pub consistency_iter_count: uint,
    pub refine_iter_count: uint,
    pub tree_perm: TREEPERM,
    pub labels: Vec<String>,
    pub label_to_index: std::collections::BTreeMap<String, uint>,
    pub guide_tree: Tree,
    pub prog_msas: Vec<Option<MultiSequence>>,
    pub d: Derep,
    pub weights: Vec<f32>,
    pub dist_mx: Vec<Vec<f32>>,
    pub pairs: Vec<(uint, uint)>,
    pub pair_to_index: std::collections::BTreeMap<(uint, uint), uint>,
    pub join_indexes1: Vec<uint>,
    pub join_indexes2: Vec<uint>,
    pub sparse_posts1: Vec<Option<MySparseMx>>,
    pub sparse_posts2: Vec<Option<MySparseMx>>,
} // original: MPCFlat (muscle/src/mpcflat.h)

#[derive(Clone, Debug, Default)]
pub struct MPCFlatMega; // original: MPCFlat_mega (muscle/src/mpcflat_mega.h)

#[derive(Clone, Debug, Default)]
pub struct PathEdge; // original: PathEdge (muscle/src/msa.h)

#[derive(Clone, Debug, Default)]
pub struct TextFile {
    pub data: Vec<u8>,
    pub pos: usize,
    pub line_nr: uint,
    pub col_nr: uint,
    pub name: String,
    pub last_char_was_eol: bool,
    pub pushed_back: Option<u8>,
} // original: TextFile (muscle/src/msa.h)

#[derive(Clone, Debug, Default, PartialEq, Eq)]
pub struct Seq {
    pub chars: Vec<char>,
    pub name: Option<String>,
    pub id: uint,
} // original: Seq (muscle/src/msa.h)

#[derive(Clone, Debug, Default)]
pub struct ClusterNode; // original: ClusterNode (muscle/src/msa.h)

#[derive(Clone, Debug, Default)]
pub struct NodeCounts; // original: NodeCounts (muscle/src/msa.h)

#[derive(Clone, Debug, Default)]
pub struct DataBuffer; // original: DataBuffer (muscle/src/msa.h)

#[derive(Clone, Debug, Default)]
pub struct MSA; // original: MSA (muscle/src/msa.h)

#[derive(Clone, Debug, Default, PartialEq, Eq)]
pub struct PathInfo {
    pub path: String,
    pub buffer_bytes: uint,
} // original: PathInfo (muscle/src/muscle.h)

#[derive(Clone, Debug, Default)]
pub struct Muscle3 {
    pub ap: Option<M3AlnParams>,
    pub input_seqs: Option<MultiSequence>,
    pub dist_mx: Vec<Vec<f32>>,
    pub k66: KmerDist66,
    pub k33: KmerDist33,
    pub labels: Vec<String>,
    pub guide_tree: Tree,
    pub cw: ClustalWeights,
    pub input_seq_weights: Vec<f32>,
    pub pp3: PProg3,
    pub u5: UPGMA5,
    pub final_msa: Option<MultiSequence>,
} // original: Muscle3 (muscle/src/muscle3.h)

#[derive(Clone, Debug, Default)]
pub struct SeqData; // original: SeqData (muscle/src/mx.h)

#[derive(Clone, Debug, Default, PartialEq)]
pub struct MxBase {
